3.77001
 77.17087
 3.76984
 -77.1702
 3.77025
 77.17052
 3.77039
 77.17051
 3.77054
 77.17007
 3.77048
 -77.17007
 3.77075
 77.16979
 3.77033
 -77.16989
 3.77028
 -77.16987
 3.77027
 -77.16982
 3.777085
 77.17012
 3.77097
 77.16969
 3.77031
 -77.16917
 3.77039
 -77.16924
 3.77119
 77.1695
 3.77098
 77.16938
 3.77062
 -77.16935
 3.77068
 -77.16939
 3.77049
 77.16962
 3.77066
 -77.16936
 3.77158
 77.1696
 3.77073
 77.16987
 3.77113
 -77.16933
 3.77053
 77.16965
 3.77126
 -77.1694
 3.777038
 77.16933
 3.77155
 -77.16955
 3.77153
 -77.16959
 3.7717
 -77.16972
 3.77148
 -77.1699
 3.77137
 -77.16987
 3.77038
 77.16927
 3.77118
 -77.16968
 3.77118
 -77.1697
 3.77105
 -77.16959
 3.77092
 -77.16968
 3.77079
 77.17011
 3.77028
 77.16934
 3.77053
 -77.16965
 3.77047
 -77.16963
 3.77043
 -77.16959
 3.77024
 77.16949
 3.77015
 77.16958
 3.77032
 77.16987
 3.7703
 -77.16978
 3.77162
 -77.16993
 3.77047
 77.16965
 3.7707
 -77.16985
 3.7703
 77.16953
 3.77031
 77.16946
 3.77036
 77.17029
 3.77006
 77.17067
 3.77081
 -77.1701
 3.77088
 -77.17014
 3.77034
 -77.16988
 3.8265277778
 77.0001111111
 3.8261388889
 77.0001111111
 3.822
 77.0002222222
 3.8210277778
 76.9944166667
 3.8168333333
 76.9949444444
 3.8238333333
 77.00025
 3.8168611111
 76.9937777778
 3.8204444444
 77.0002222222
 3.8189444444
 76.9996388889
 3.8185277778
 76.9993611111
 3.81975
 77.0011944444
 3.8195833333
 77.0012222222
 3.8195833333
 77.0012777778
 3.8194166667
 77.0013333333
 3.8194166667
 77.0012777778
 3.81925
 77.0013611111
 3.8191111111
 77.0014722222
 3.8189166667
 77.0015555556
 3.8196666667
 77.0015833333
 3.8183055556
 77.0018611111
 3.8178611111
 77.0018888889
 3.8170833333
 77.0023055556
 3.8166944444
 77.0000277778
 3.8163611111
 77.00225
 3.81625
 77.0023611111
 3.8161666667
 77.0023611111
 3.8161388889
 77.0021944444
 3.8161944444
 77.0020277778
 3.8161388889
 77.0021111111
 3.8163055556
 77.00275
 3.8151388889
 77.0032777778
 3.8135
 77.0032777778
 3.8126388889
 77.0022222222
 3.8140833333
 77.0038611111
 3.8138611111
 77.0040555556
 3.8139722222
 77.0040555556
 3.8007777778
 76.9980833333
 3.8139722222
 76.7794444444
 3.81405555555556
 76.77925
 3.8145555556
 76.77875
 3.81475
 76.7790833333
 3.8161388889
 76.7803888889
 3.8163333333
 76.78125
 3.81625
 76.7813888889
 3.8163055556
 76.7814444444
 3.8162222222
 76.7816111111
 3.8161944444
 76.7815277778
 3.8162222222
 76.78175
 3.8163055556
 76.7818055556
 3.8164444444
 76.7818888889
 3.8175555556
 76.7818888889
 3.8179722222
 76.7825277778
 3.8181666667
 76.7825833333
 3.8213888889
 76.7816388889
 3.8213611111
 76.7816388889
 3.8218888889
 76.7819444444
 3.8218611111
 76.7824722222
 3.82225
 76.7835277778
 3.8220277778
 76.7829722222
 3.8220277778
 76.7811388889
 3.8178611111
 76.7806666667
 3.8179166667
 76.7806388889
 3.8165833333
 76.7803888889
 3.8167777778
 76.7816944444
 3.8165555556
 76.7832222222222
 3.8165277778
 76.7818611111
 3.8168611111
 76.7820277778
 3.8170833333
 76.7811111111
 8.422
 -76.09659
 8.04008
 -76.0966
 8.04282
 -76.09763
 8.0320
 -76.0971
 8.0408
 -76.09409
 8.04543
 -76.093
 8.04623
 -76.08924
 8.04443
 -76.09002
 8.03822
 -76.08976
 8.03901
 -76.08881
 8.03959
 -76.08896
 8.04028
 -76.0888
 8.0547222222
 76.0991111111
 8.0523055556
 76.1008333333
 8.0521944444
 76.10275
 8.05125
 76.1005
 8.0490833333
 76.0993888889
 8.0544722222
 76.0971388889
 8.0525833333
 76.0958888889
 8.0506944444
 76.0964722222
 8.0484166667
 76.0948888889
 8.0484444444
 76.0949722222
 8.0448333333
 76.0900555556
 8.0441111111
 76.08975
 8.0411111111
 76.0881944444
 8.0402222222
 76.0887222222
 8.0391388889
 76.08875
 8.0385833333
 76.08925
 8.0383333333
 76.0897777778
 8.0359166667
 76.0906666667
 8.0379722222
 76.0893611111
 8.0374722222
 76.0891666667
 8.0350555556
 76.0905
 8.0469722222
 76.1770277778
 8.2245
 -76.101049
 8.0465833333
 76.1778055556
 8.0466666667
 76.1779722222
 8.3993
 -76.18359
 8.04533333
 76.1775000
 8.2213
 -76.10176
 8.0450277778
 76.1776111111
 8.0450555556
 76.1772500
 8.4391
 -76.18287
 8.0438611111
 76.1778888889
 8.4443
 -76.18364
 8.2605
 -76.10894
 8.0439444444
 76.1774722222
 8.4515
 -76.1817
 8.0464166667
 76.1784722222
 8.0461111111
 76.1784444444
 8.4662
 -76.18194
 8.0462222222
 76.1797222222
 8.4653
 -76.1882
 8.0461666667
 76.1799722222
 8.2769
 -76.10773
 8.0434722222
 76.1815833333
 8.2751
 -76.10655
 8.2723
 -76.10651
 8.9643
 -76.17855
 8.4622
 -76.17783
 8.0465833333
 76.1816666667
 8.0459166667
 76.1830833333
 8.4663
 -76.17791
 8.0454166667
 76.1843333333
 8.0375
 -76.7381
 8.0362
 -76.7448
 8.0365
 -76.7475
 8.295
 -76.7497
 8.0573
 -76.7523
 8.0584
 -76.7513
 8.0643
 -76.7562
 8.078
 -76.7506
 8.0892
 -76.7487
 8.0894
 -76.7476
 8.1277
 -76.7585
 8.0863
 -76.113
 8.08571
 -76.11315
 8.0858
 -76.11243
 8.08223
 -76.11053
 8.0819
 -76.11252
 8.0832
 -76.11491
 8.08336
 -76.1142
 8.08495
 -76.11313
 8.08395
 -76.11301
 1.68547
 78.69381
 1.685499
 78.69383
 1.68563
 78.69276
 1.6851
 78.69096
 1.6852349
 78.6909526
 1.6849
 78.69082
 1.68374
 78.68921
 1.68479
 78.68019
 1.68479
 78.68020
 1.68505
 78.68942
 1.68545
 78.6881
 1.68414
 78.68937
 1.68403
 78.68934
 1.68385
 78.68935
 1.68257
 78.68904
 1.68257
 78.68906
 1.68349
 78.6891
 1.685234
 78.690952
 1.68347
 78.68737
 1.68346
 78.68761
 1.68345
 78.68762
 1.6852
 78.69095
 1.6852
 78.69096
 1.6851
 78.69096
 1.68436
 78.6867
 1.68438
 78.68688
 1.68563
 78.692764
 1.68563
 78.69276
 1.68564
 78.6927623
 1.47587
 78.68624
 1.47568
 78.68481
 1.47554
 78.68479
 1.47552
 78.68493
 1.47554
 78.68479
 1.47618
 78.68686
 1.47619
 78.68768
 1.47518
 78.68692
 1.47693
 78.68546
 1.47582
 78.68684
 1.4756
 78.68555
 1.47553
 78.6853
 1.47553
 78.68513
 1.47553
 78.6851
 1.475871
 78.686244
 1.47558
 78.68556
 1.47587
 78.68624
 1.47552
 78.68581
 1.4755
 78.68585
 1.47553
 78.686
 1.47597
 78.68652
 1.47617
 78.68636
 1.47528
 78.68691
 1.47556
 78.68448
 1.47551
 78.68674
 1.47618
 78.68687
 1.48123
 78.68579
 1.47582
 78.68684
 1.47532
 78.687445
 1.47532
 78.687445
 1.475326
 78.687444
 1.47582
 78.68687
 1.47532
 78.687445
 1.477566
 78.68677
 1.477566
 78.68677
 1.47756
 78.68677
 1.47722
 78.68674
 1.47735
 78.68676
 1.47411
 78.68671
 1.47676
 78.6867
 1.47674
 78.68668
 5.66452
 76.63993
 5.66504
 -76.64066
 5.66765
 -76.64227
 5.66780
 -76.64230
 5.66770
 -76.64235
 5.67094
 -76.64402
 5.67075
 -76.64477
 5.67108
 -76.64458
 5.67092
 -76.64435
 5.67094
 -76.64410
 5.67168
 -76.64449
 5.67196
 -76.64465
 5.67205
 -76.6447
 5.67220
 -76.6447
 5.6725
 -76.64359
 5.67255
 -76.64366
 5.67275
 -76.64319
 5.67282
 -76.64351
 5.67290
 -76.64330
 5.67313
 -76.64256
 5.67379
 -76.64333
 5.67367
 -76.64339
 5.67329
 -76.64314
 5.67345
 -76.64321
 5.67358
 -76.64320
 5.67349
 -76.64308
 5.67336
 -76.64326
 5.67332
 76.64345
 5.67332
 -76.64355
 5.67307
 -76.64373
 5.67316
 -76.4373
 5.67307
 76.64385
 5.67286
 -76.64423
 5.67285
 -76.64439
 5.67259
 -76.64474
 5.71623
 -76.64941
 5.71628
 -76.6493
 5.71622
 -76.64922
 5.71663
 -76.64899
 5.71649
 -76.64894
 5.71655
 -76.6482
 5.71668
 -76.64898
 5.71673
 -76.64774
 5.71691
 -76.64774
 5.71906
 -76.64705
 5.71903
 -76.64704
 5.7189
 -76.64561
 5.7171
 -76.46711
 5.71678
 -76.64775
 5.71643
 -76.64809
 5.71618
 -76.64775
 5.71616
 -76.64782
 5.71622
 -76.64799
 5.71637
 -76.64852
 5.71643
 -76.64875
 5.71652
 -76.64869
 5.71627
 -76.64923
 5.71602
 -76.64922
 5.71581
 -76.6489
 5.71582
 -76.64858
 5.7158
 -76.64853
 5.71569
 -76.6488
 5.71539
 -76.64901
 5.716
 -76.6491
 5.71552
 -76.64928
 5.71534
 -76.64915
 5.71546
 -76.64973
 5.71527
 -76.64979
 5.71481
 -76.64995
 5.71462
 -76.6497
 5.71957
 -76.64523
 5.71898
 -76.64717
 5.71908
 -76.64468
 5.71899
 -76.64451
 5.71886
 -76.6457
 