10101011003001
3.77001
 77.17087
10101011003003B
3.76984
 -77.1702
10101011003004
3.77025
 77.17052
10101011003005
3.77039
 77.17051
10101011003007
3.77054
 77.17007
10101011003009B
3.77048
 -77.17007
10101011003010
3.77075
 77.16979
10101011003011B
3.77033
 -77.16989
10101011003012B
3.77028
 -77.16987
10101011003013B
3.77027
 -77.16982
10101011003014
3.777085
 77.17012
10101011003022
3.77097
 77.16969
10101011003025B
3.77031
 -77.16917
10101011003026B
3.77039
 -77.16924
10101011003027
3.77119
 77.1695
10101011003031
3.77098
 77.16938
10101011003033B
3.77062
 -77.16935
10101011003034B
3.77068
 -77.16939
10101011003035
3.77049
 77.16962
10101011003035B
3.77066
 -77.16936
10101011003036
3.77158
 77.1696
10101011003040
3.77073
 77.16987
10101011003043B
3.77113
 -77.16933
10101011003044
3.77053
 77.16965
10101011003046B
3.77126
 -77.1694
10101011003049
3.777038
 77.16933
10101011003054B
3.77155
 -77.16955
10101011003055B
3.77153
 -77.16959
10101011003058B
3.7717
 -77.16972
10101011003059B
3.77148
 -77.1699
10101011003060B
3.77137
 -77.16987
10101011003061
3.77038
 77.16927
10101011003065B
3.77118
 -77.16968
10101011003066B
3.77118
 -77.1697
10101011003068B
3.77105
 -77.16959
10101011003069B
3.77092
 -77.16968
10101011003070
3.77079
 77.17011
10101011003071
3.77028
 77.16934
10101011003077B
3.77053
 -77.16965
10101011003079B
3.77047
 -77.16963
10101011003080B
3.77043
 -77.16959
10101011003083
3.77024
 77.16949
10101011003086
3.77015
 77.16958
10101011003087
3.77032
 77.16987
10101011003089B
3.7703
 -77.16978
10101011003091B
3.77162
 -77.16993
10101011003093
3.77047
 77.16965
10101011003093B
3.7707
 -77.16985
10101011003094
3.7703
 77.16953
10101011003096
3.77031
 77.16946
10101011003097
3.77036
 77.17029
10101011003098
3.77006
 77.17067
10101011003098B
3.77081
 -77.1701
10101011003099B
3.77088
 -77.17014
10101011003101B
3.77034
 -77.16988
10101012003015
3.8265277778
 77.0001111111
10101012003018
3.8261388889
 77.0001111111
10101012003022
3.822
 77.0002222222
10101012003051
3.8210277778
 76.9944166667
10101012003052C
03.81732
 076.99670
10101012003053C
03.81694
 076.99653
10101012003054C
03.81680
 076.99644
10101012003056C
03.81646
 076.99595
10101012003057C
03.81628
 076.99539
10101012003058C
03.81685
 076.99527
10101012003060C
03.81680
 076.99516
10101012003064C
03.81686
 076.99472
10101012003069C
03.81692
 076.99426
10101012003077
3.8168333333
 76.9949444444
10101012003081
3.8238333333
 77.00025
10101012003085C
03.81686
 076.99391
10101012003087
3.8168611111
 76.9937777778
10101012003091C
03.81694
 076.99496
10101012003098C
03.81688
 076.99511
10101012003100C
03.81691
 076.95538
10101012003113C
03.30305
 076.48154
10101012003119C
03.81989
 077.00071
10101012003121
3.8204444444
 77.0002222222
10101012003135
3.8189444444
 76.9996388889
10101012003145C
03.81530
 077.00503
10101012003149
3.8185277778
 76.9993611111
10101012003151C
03.81996
 077.00121
10101012003154C
03.81974
 077.00122
10101012003160
3.81975
 77.0011944444
10101012003163
3.8195833333
 77.0012222222
10101012003163C
03.81943
 077.00131
10101012003164
3.8195833333
 77.0012777778
10101012003170
3.8194166667
 77.0013333333
10101012003171
3.8194166667
 77.0012777778
10101012003175
3.81925
 77.0013611111
10101012003179
3.8191111111
 77.0014722222
10101012003180
3.8189166667
 77.0015555556
10101012003183
3.8196666667
 77.0015833333
10101012003186
3.8183055556
 77.0018611111
10101012003190
3.8178611111
 77.0018888889
10101012003199
3.8170833333
 77.0023055556
10101012003204
3.8166944444
 77.0000277778
10101012003207
3.8163611111
 77.00225
10101012003211
3.81625
 77.0023611111
10101012003212
3.8161666667
 77.0023611111
10101012003214
3.8161388889
 77.0021944444
10101012003235
3.8161944444
 77.0020277778
10101012003242
3.8161388889
 77.0021111111
10101012003243
3.8163055556
 77.00275
10101012003252
3.8151388889
 77.0032777778
10101012003281
3.8135
 77.0032777778
10101012003283
3.8126388889
 77.0022222222
10101012003284C
03.81387
 077.00420
10101012003286C
03.81410
 077.00401
10101012003289
3.8140833333
 77.0038611111
10101012003293
3.8138611111
 77.0040555556
10101012003294
3.8139722222
 77.0040555556
10101012003366
3.8007777778
 76.9980833333
10101013003005
3.8139722222
 76.7794444444
10101013003006
3.81405555555556
 76.77925
10101013003008
3.8145555556
 76.77875
10101013003017
3.81475
 76.7790833333
10101013003020
3.8161388889
 76.7803888889
10101013003022
3.8163333333
 76.78125
10101013003024
3.81625
 76.7813888889
10101013003025
3.8163055556
 76.7814444444
10101013003026
3.8162222222
 76.7816111111
10101013003027
3.8161944444
 76.7815277778
10101013003029
3.8162222222
 76.78175
10101013003030
3.8163055556
 76.7818055556
10101013003031
3.8164444444
 76.7818888889
10101013003056
3.8175555556
 76.7818888889
10101013003066
3.8179722222
 76.7825277778
10101013003067
3.8181666667
 76.7825833333
10101013003094
3.8213888889
 76.7816388889
10101013003096
3.8213611111
 76.7816388889
10101013003098
3.8218888889
 76.7819444444
10101013003099
3.8218611111
 76.7824722222
10101013003102
3.82225
 76.7835277778
10101013003106
3.8220277778
 76.7829722222
10101013003107
3.8220277778
 76.7811388889
10101013003109
3.8178611111
 76.7806666667
10101013003110
3.8179166667
 76.7806388889
10101013003117
3.8165833333
 76.7803888889
10101013003120
3.8167777778
 76.7816944444
10101013003129
3.8165555556
 76.7832222222222
10101013003132
3.8165277778
 76.7818611111
10101013003134
3.8168611111
 76.7820277778
10101013003139
3.8170833333
 76.7811111111
10102008003001B
8.422
 -76.09659
10102008003001C
08.05869
 076.10049
10102008003002C
08.05814
 076.10062
10102008003003B
8.04008
 -76.0966
10102008003003C
08.05874
 076.09846
10102008003004B
8.04282
 -76.09763
10102008003004C
08.05674
 076.10214
10102008003005C
08.05954
 076.09599
10102008003006B
8.0320
 -76.0971
10102008003006C
08.05680
 076.10252
10102008003007C
08.05927
 076.09553
10102008003008C
08.05662
 076.10286
10102008003009C
08.05866
 076.09848
10102008003010B
8.0408
 -76.09409
10102008003010C
08.05702
 076.10157
10102008003011B
8.04543
 -76.093
10102008003011C
08.05781
 076.09868
10102008003012C
08.045698
 076.10129
10102008003013B
8.04623
 -76.08924
10102008003013C
08.05762
 076.09890
10102008003014C
08.05675
 076.10090
10102008003015B
8.04443
 -76.09002
10102008003016C
08.05638
 076.10076
10102008003018C
0805660
 076.10178
10102008003020B
8.03822
 -76.08976
10102008003021C
08.05731
 076.10305
10102008003022B
8.03901
 -76.08881
10102008003022C
08.05685
 076.10316
10102008003024B
8.03959
 -76.08896
10102008003025B
8.04028
 -76.0888
10102008003050
8.0547222222
 76.0991111111
10102008003056
8.0523055556
 76.1008333333
10102008003057
8.0521944444
 76.10275
10102008003058
8.05125
 76.1005
10102008003059
8.0490833333
 76.0993888889
10102008003069
8.0544722222
 76.0971388889
10102008003070
8.0525833333
 76.0958888889
10102008003071
8.0506944444
 76.0964722222
10102008003072
8.0484166667
 76.0948888889
10102008003073
8.0484444444
 76.0949722222
10102008003084
8.0448333333
 76.0900555556
10102008003086
8.0441111111
 76.08975
10102008003087
8.0411111111
 76.0881944444
10102008003088
8.0402222222
 76.0887222222
10102008003090
8.0391388889
 76.08875
10102008003091
8.0385833333
 76.08925
10102008003092
8.0383333333
 76.0897777778
10102008003094
8.0359166667
 76.0906666667
10102008003095
8.0379722222
 76.0893611111
10102008003096
8.0374722222
 76.0891666667
10102008003097
8.0350555556
 76.0905
10102009003001
8.0469722222
 76.1770277778
10102009003001B
8.2245
 -76.101049
10102009003001C
08.03756
 076.18264
10102009003002C
08.03804
 076.18337
10102009003003
8.0465833333
 76.1778055556
10102009003003C
08.03803
 076.18282
10102009003004
8.0466666667
 76.1779722222
10102009003004B
8.3993
 -76.18359
10102009003004C
08.03995
 076.18365
10102009003005C
08.03858
 076.18307
10102009003006C
08.04114
 076.18307
10102009003007
8.04533333
 76.1775000
10102009003007B
8.2213
 -76.10176
10102009003007C
08.04042
 076.18300
10102009003008C
08.04521
 076.18179
10102009003009
8.0450277778
 76.1776111111
10102009003009C
08.04173
 076.18295
10102009003010
8.0450555556
 76.1772500
10102009003010B
8.4391
 -76.18287
10102009003011C
08.04373
 076.18169
10102009003012
8.0438611111
 76.1778888889
10102009003012B
8.4443
 -76.18364
10102009003012C
08.04600
 076.18301
10102009003013B
8.2605
 -76.10894
10102009003013C
08.04612
 076.17953
10102009003014
8.0439444444
 76.1774722222
10102009003014B
8.4515
 -76.1817
10102009003014C
08.04593
 076.18378
10102009003016C
08.04605
 076.17910
10102009003017
8.0464166667
 76.1784722222
10102009003018
8.0461111111
 76.1784444444
10102009003018C
08.04651
 076.17833
10102009003020B
8.4662
 -76.18194
10102009003023
8.0462222222
 76.1797222222
10102009003023B
8.4653
 -76.1882
10102009003026
8.0461666667
 76.1799722222
10102009003027B
8.2769
 -76.10773
10102009003030
8.0434722222
 76.1815833333
10102009003033B
8.2751
 -76.10655
10102009003035B
8.2723
 -76.10651
10102009003036B
8.9643
 -76.17855
10102009003038B
8.4622
 -76.17783
10102009003039
8.0465833333
 76.1816666667
10102009003040
8.0459166667
 76.1830833333
10102009003040B
8.4663
 -76.17791
10102009003041
8.0454166667
 76.1843333333
10102069003001B
8.0375
 -76.7381
10102069003001C
08.00535
 076.12559
10102069003003B
8.0362
 -76.7448
10102069003003C
08.00575
 076.12597
10102069003004B
8.0365
 -76.7475
10102069003004C
08.03995
 076.18365
10102069003005B
8.295
 -76.7497
10102069003005C
08.00952
 076.12551
10102069003006C
08.00638
 076.12415
10102069003007C
08.00998
 076.12572
10102069003008B
8.0573
 -76.7523
10102069003009C
08.01014
 076.12579
10102069003010C
08.00390
 076.12354
10102069003011B
8.0584
 -76.7513
10102069003011C
08.01351
 076.12789
10102069003012C
08.00874
 076.12495
10102069003013C
08.01308
 076.12781
10102069003015B
8.0643
 -76.7562
10102069003015C
08.01372
 076.12710
10102069003016C
08.00466
 676.12551
10102069003017B
8.078
 -76.7506
10102069003017C
08.01371
 076.12728
10102069003019C
08.01393
 076.12763
10102069003020B
8.0892
 -76.7487
10102069003020C
08.01018
 076.12560
10102069003021B
8.0894
 -76.7476
10102069003021C
08.01566
 076.12730
10102069003023C
08.01707
 076.12759
10102069003024C
08.01303
 076.12502
10102069003025C
08.01738
 076.12769
10102069003027C
08.02127
 076.12633
10102069003051B
8.1277
 -76.7585
10102142003001B
8.0863
 -76.113
10102142003001C
08.08603
 076.1137
10102142003002C
076.11333
 08.08630
10102142003003C
076.11317
 08.08571
10102142003004C
08.08648
 0.7611340
10102142003005B
8.08571
 -76.11315
10102142003005C
08.08559
 076.11339
10102142003007C
08.08555
 076.11306
10102142003008C
08.08636
 076.11356
10102142003009B
8.0858
 -76.11243
10102142003009C
08.08514
 076.11310
10102142003010C
08.08660
 076.11370
10102142003011C
08.08526
 076.11307
10102142003012B
8.08223
 -76.11053
10102142003013C
08.08542
 076.11343
10102142003014B
8.0819
 -76.11252
10102142003014C
08.08632
 076.11430
10102142003015C
08.08507
 076.11359
10102142003016C
08.08643
 076.11305
10102142003017C
08.08500
 076.11317
10102142003018B
8.0832
 -76.11491
10102142003020B
8.08336
 -76.1142
10102142003020C
08.08536
 076.11398
10102142003022B
8.08495
 -76.11313
10102142003023B
8.08395
 -76.11301
10103010003001
1.68547
 78.69381
10103010003003
1.685499
 78.69383
10103010003006
1.68563
 78.69276
10103010003017
1.6851
 78.69096
10103010003018B
1.6852349
 78.6909526
10103010003021
1.6849
 78.69082
10103010003034
1.68374
 78.68921
10103010003037
1.68479
 78.68019
10103010003040
1.68479
 78.68020
10103010003054
1.68505
 78.68942
10103010003064
1.68545
 78.6881
10103010003073
1.68414
 78.68937
10103010003074
1.68403
 78.68934
10103010003077
1.68385
 78.68935
10103010003094
1.68257
 78.68904
10103010003109
1.68257
 78.68906
10103010003115
1.68349
 78.6891
10103010003154B
1.685234
 78.690952
10103010003180
1.68347
 78.68737
10103010003186
1.68346
 78.68761
10103010003210
1.68345
 78.68762
10103010003214B
1.6852
 78.69095
10103010003217B
1.6852
 78.69096
10103010003218B
1.6851
 78.69096
10103010003320
1.68436
 78.6867
10103010003340
1.68438
 78.68688
10103010003341B
1.68563
 78.692764
10103010003346B
1.68563
 78.69276
10103010003472B
1.68564
 78.6927623
10103014003010
1.47587
 78.68624
10103014003022
1.47568
 78.68481
10103014003023
1.47554
 78.68479
10103014003025
1.47552
 78.68493
10103014003033B
1.47554
 78.68479
10103014003034B
1.47618
 78.68686
10103014003037
1.47619
 78.68768
10103014003041
1.47518
 78.68692
10103014003045
1.47693
 78.68546
10103014003048B
1.47582
 78.68684
10103014003066
1.4756
 78.68555
10103014003070
1.47553
 78.6853
10103014003073
1.47553
 78.68513
10103014003075
1.47553
 78.6851
10103014003077B
1.475871
 78.686244
10103014003082
1.47558
 78.68556
10103014003084B
1.47587
 78.68624
10103014003086
1.47552
 78.68581
10103014003087
1.4755
 78.68585
10103014003089
1.47553
 78.686
10103014003113
1.47597
 78.68652
10103014003114
1.47617
 78.68636
10103014003120
1.47528
 78.68691
10103014003128
1.47556
 78.68448
10103014003134
1.47551
 78.68674
10103014003138C
01.47616
 078.68538
10103014003143
1.47618
 78.68687
10103014003161
1.48123
 78.68579
10103014003176C
01.47614
 078.68578
10103014003178
1.47582
 78.68684
10103014003179C
01.47610
 078.68586
10103014003185C
01.47660
 078.68492
10103014003186
1.47532
 78.687445
10103014003191C
01.47633
 078.68559
10103014003192C
01.47745
 078.68672
10103014003193C
01.47635
 078.68556
10103014003194C
01.47741
 078.68682
10103014003196C
01.47727
 078.68678
10103014003198C
01.47710
 078.68674
10103014003199C
01.47607
 078.68577
10103014003200C
01.47697
 078.68530
10103014003202C
01.47655
 078.68660
10103014003211B
1.47532
 78.687445
10103014003215B
1.475326
 78.687444
10103014003218
1.47582
 78.68687
10103014003218B
1.47532
 78.687445
10103014003225B
1.477566
 78.68677
10103014003243
1.477566
 78.68677
10103014003250
1.47756
 78.68677
10103014003259
1.47722
 78.68674
10103014003260
1.47735
 78.68676
10103014003262
1.47411
 78.68671
10103014003269
1.47676
 78.6867
10103014003271
1.47674
 78.68668
10103015003004C
01.70623
 078.77190
10103015003005C
01.70624
 078.77180
10103015003006C
01.70617
 078.77182
10103015003016C
01.70606
 078.77062
10103015003021C
01.70543
 078.77024
10103015003023C
01.70528
 078.77008
10103015003026C
01.70566
 07877122
10103015003029C
01.70469
 078.76983
10103015003048C
01.70136
 078.76802
10103015003051C
01.70111
 078.76797
10103015003052C
01.70112
 078.76795
10103015003074C
01.69903
 078.76830
10103015003076C
01.69911
 078.76814
10103015003091C
01.69898
 078.76867
10103015003186C
01.70188
 078.76785
10103015003194C
01.70206
 078.76736
10103015003195C
01.70207
 078.76736
10103015003198C
01.70230
 078.7691
10103015003211C
01.70226
 078.76717
10103015003212C
01.70237
 078.76755
10103015003216C
01.70209
 078.76778
10112176003001B
05.66135
 076.63821
10112176003005B
05.66149
 076.63794
10112176003008B
05.66148
 076.63778
10112176003019B
05.66105
 076.63795
10112176003031B
05.66094
 076.63791
10112176003032B
05.66079
 076.63789
10112176003042B
05.66095
 076.63715
10112176003059B
05.66136
 076.63603
10112176003103B
05.66170
 076.63609
10112176003144B
05.71581
 076.64899
10112176003176B
05.65961
 076.63467
10112176003192
5.66452
 76.63993
10112176003199
5.66504
 -76.64066
10112176003199B
05.65974
 076.63482
10112176003200B
05.65978
 076.63489
10112176003202B
05.65941
 076.63392
10112176003206B
05.65950
 076.63374
10112176003209
5.66765
 -76.64227
10112176003210
5.66780
 -76.64230
10112176003210B
05.66920
 07763388
10112176003211
5.66770
 -76.64235
10112176003215B
05.65940
 076.63393
10112176003217B
05.65973
 076.63367
10112176003218B
05.65989
 076.63355
10112176003270
5.67094
 -76.64402
10112176003274
5.67075
 -76.64477
10112176003289
5.67108
 -76.64458
10112176003293
5.67092
 -76.64435
10112176003295
5.67094
 -76.64410
10112176003307
5.67168
 -76.64449
10112176003310
5.67196
 -76.64465
10112176003312
5.67205
 -76.6447
10112176003314
5.67220
 -76.6447
10112176003325
5.6725
 -76.64359
10112176003331
5.67255
 -76.64366
10112176003344
5.67275
 -76.64319
10112176003347
5.67282
 -76.64351
10112176003348
5.67290
 -76.64330
10112176003354
5.67313
 -76.64256
10112176003363
5.67379
 -76.64333
10112176003367
5.67367
 -76.64339
10112176003369
5.67329
 -76.64314
10112176003370
5.67345
 -76.64321
10112176003371
5.67358
 -76.64320
10112176003377
5.67349
 -76.64308
10112176003383
5.67336
 -76.64326
10112176003386
5.67332
 76.64345
10112176003388
5.67332
 -76.64355
10112176003392
5.67307
 -76.64373
10112176003393
5.67316
 -76.4373
10112176003394
5.67307
 76.64385
10112176003401
5.67286
 -76.64423
10112176003404
5.67285
 -76.64439
10112176003408
5.67259
 -76.64474
10112176003434B
05.6607
 076.63808
10112176003436B
05.66081
 076.63737
10112176003437B
05.66078
 076.63743
10112176003442B
05.66076
 076.63777
10112176003451B
05.66052
 076.63821
10112176003452B
05.66056
 076.63818
10112176003455B
05.66021
 076.63850
10112176003472B
05.66104
 076.63838
10112177003004
5.71623
 -76.64941
10112177003005
5.71628
 -76.6493
10112177003007
5.71622
 -76.64922
10112177003011
5.71663
 -76.64899
10112177003013
5.71649
 -76.64894
10112177003016
5.71655
 -76.6482
10112177003020
5.71668
 -76.64898
10112177003021
5.71673
 -76.64774
10112177003024
5.71691
 -76.64774
10112177003031
5.71906
 -76.64705
10112177003032
5.71903
 -76.64704
10112177003034B
05.71618
 076.64940
10112177003043
5.7189
 -76.64561
10112177003056
5.7171
 -76.46711
10112177003059
5.71678
 -76.64775
10112177003062
5.71643
 -76.64809
10112177003064
5.71618
 -76.64775
10112177003066
5.71616
 -76.64782
10112177003069
5.71622
 -76.64799
10112177003072
5.71637
 -76.64852
10112177003074
5.71643
 -76.64875
10112177003075
5.71652
 -76.64869
10112177003080
5.71627
 -76.64923
10112177003082B
05.71640
 076.64926
10112177003083
5.71602
 -76.64922
10112177003084B
05.71631
 076.64915
10112177003085B
05.71655
 076.64903
10112177003088
5.71581
 -76.6489
10112177003091
5.71582
 -76.64858
10112177003092
5.7158
 -76.64853
10112177003096
5.71569
 -76.6488
10112177003102
5.71539
 -76.64901
10112177003104B
05.71683
 076.64775
10112177003107
5.716
 -76.6491
10112177003109B
05.71864
 076.64687
10112177003110B
05.71877
 076.64693
10112177003112
5.71552
 -76.64928
10112177003113B
05.71908
 076.64708
10112177003114
5.71534
 -76.64915
10112177003114B
05.71898
 076.64704
10112177003116B
05.71884
 076.64699
10112177003118B
05.71850
 076.64669
10112177003120B
0.571861
 0.7664645
10112177003121
5.71546
 -76.64973
10112177003124
5.71527
 -76.64979
10112177003130
5.71481
 -76.64995
10112177003131
5.71462
 -76.6497
10112177003131B
05.71650
 076.64853
10112177003138B
05.71911
 076.64470
10112177003143
5.71957
 -76.64523
10112177003148
5.71898
 -76.64717
10112177003149
5.71908
 -76.64468
10112177003152
5.71899
 -76.64451
10112177003155
5.71886
 -76.6457
10112177003177B
05.71649
 076.64813
10112177003189B
05.71657
 076.64857
10112177003192B
05.71649
 076.64878
10112177003199B
05.71636
 076.64910
10112177003203B
05.71601
 076.64923
10112177003212B
05.71585
 076.64860
10112177003232B
05.71603
 076.64903
10112177003236B
05.71596
 076.64942
10112177003252B
05.71536
 076.64974
10112177003258B
05.71608
 076.64910
10112198003002
05.68545
 076.66027
10112198003050
05.68622
 076.66064
10112198003065
05.68541
 076.65999
10112198003092
05.68668
 076.66077
10112198003094
05.68665
 076.66063
10112198003096
05.68724
 076.65951
10112198003098
05.68714
 076.65955
10112198003102
05.68613
 076.66064
10112198003103
05.68614
 076.66064
10112198003159
05.68664
 076.66066
10112198003161
05.68657
 076.66066
10112198003163
05.686660
 076.66055
10112198003165
05.68655
 076.66047
10112198003188
05.68647
 076.66028
10112198003210
05.68646
 076.65828
10112198003211
05.68646
 076.65819
10112198003524
05.68598
 076.66019
10112199003001
05.80163
 076.53903
10112199003002
05.80174
 076.53915
10112199003010
05.80190
 076.53985
10112199003013
05.80168
 076.53994
10112199003020
05.80005
 076.54028
10112199003024
05.80103
 076.54010
10112199003028
05.80100
 076.53986
10112199003032
05.79935
 076.53967
10112199003035
05.80000
 076.54023
10112199003045
05.79936
 076.53944
10112199003068
05.79959
 076.54009
10112199003074
05.79968
 076.54034
10112199003085
05.80055
 076.54021
10112199003088
05.79932
 076.54060
10112199003093
05.80162
 076.53999
10112199003100
05.80240
 076.53976
10112199003105
05.80261
 076.53969
10112199003113
05.80197
 076.53955
10112199003118
05.80194
 076.53922
10112199003123
05.80164
 076.53898
